19 0.427500 0.414444 0.036667 0.078889
28 0.635417 0.595556 0.065833 0.081111
35 0.706250 0.594444 0.065833 0.078889
26 0.427500 0.594444 0.048333 0.074444
16 0.567500 0.591667 0.053333 0.064444
33 0.430833 0.686667 0.050000 0.074444
0 0.497917 0.505000 0.064167 0.082222
17 0.428333 0.506667 0.053333 0.078889
3 0.566250 0.412222 0.049167 0.067778
2 0.570417 0.496667 0.050833 0.054444
37 0.497917 0.595556 0.055833 0.076667
8 0.499583 0.686667 0.054167 0.070000
7 0.567500 0.689444 0.063333 0.086667
12 0.635833 0.500556 0.045000 0.060000
36 0.703333 0.409444 0.048333 0.055556
27 0.635000 0.410000 0.041667 0.052222
25 0.497083 0.411111 0.045833 0.052222
20 0.704583 0.501667 0.030833 0.057778
5 0.768333 0.265556 0.030000 0.030000