19 0.588333 0.340000 0.040000 0.076667
17 0.590000 0.430556 0.053333 0.077778
26 0.586667 0.525556 0.048333 0.072222
20 0.862500 0.430000 0.031667 0.054444
36 0.861667 0.337778 0.050000 0.056667
27 0.793333 0.339444 0.043333 0.051111
25 0.656667 0.338333 0.048333 0.060000
0 0.655417 0.433889 0.064167 0.080000
3 0.724583 0.338333 0.047500 0.062222
12 0.795000 0.431111 0.061667 0.074444
28 0.793750 0.525000 0.065833 0.086667
35 0.864167 0.522222 0.061667 0.076667
33 0.589167 0.614444 0.060000 0.087778
8 0.656667 0.611667 0.055000 0.068889
16 0.725000 0.522222 0.053333 0.063333
2 0.728333 0.423333 0.053333 0.056667
5 0.927917 0.193889 0.024167 0.028889
37 0.657083 0.525000 0.055833 0.077778