28 0.497500 0.503333 0.065000 0.087778
35 0.565833 0.593333 0.056667 0.056667
26 0.634167 0.413333 0.065000 0.092222
16 0.705000 0.592222 0.051667 0.061111
33 0.705833 0.500556 0.045000 0.068889
0 0.497500 0.411667 0.065000 0.082222
17 0.566250 0.410000 0.052500 0.076667
3 0.429167 0.504444 0.061667 0.083333
2 0.570417 0.497222 0.050833 0.051111
37 0.497500 0.593333 0.055000 0.074444
8 0.499583 0.684444 0.054167 0.070000
7 0.429167 0.408333 0.065000 0.077778
12 0.705000 0.413889 0.063333 0.086667
36 0.635000 0.501111 0.050000 0.058889
27 0.428333 0.593333 0.041667 0.050000
25 0.635000 0.594444 0.045000 0.052222
20 0.430417 0.682222 0.030833 0.058889
19 0.565833 0.691667 0.040000 0.077778
5 0.770417 0.265000 0.029167 0.033333