7 0.512083 0.356111 0.069167 0.091111
16 0.580833 0.538889 0.070000 0.092222
3 0.581250 0.355556 0.065833 0.094444
17 0.649583 0.355556 0.069167 0.094444
2 0.513333 0.629444 0.070000 0.091111
4 0.719167 0.627222 0.070000 0.091111
33 0.718333 0.447778 0.070000 0.094444
12 0.650000 0.630000 0.070000 0.090000
28 0.650417 0.448333 0.069167 0.091111
35 0.789167 0.446667 0.065000 0.090000
25 0.719167 0.356667 0.070000 0.092222
27 0.581250 0.448889 0.070833 0.090000
19 0.512917 0.540000 0.069167 0.090000
28 0.789167 0.355000 0.071667 0.091111
25 0.719167 0.537222 0.068333 0.084444