28 0.510833 0.537778 0.068333 0.087778
35 0.789583 0.446111 0.070833 0.095556
26 0.650417 0.447778 0.067500 0.092222
16 0.582917 0.536111 0.067500 0.086667
33 0.718750 0.445000 0.070833 0.088889
17 0.650833 0.357778 0.066667 0.087778
3 0.580417 0.356111 0.069167 0.088889
7 0.511667 0.351667 0.068333 0.088889
12 0.650000 0.630000 0.071667 0.087778
8 0.788333 0.537222 0.070000 0.095556
20 0.650833 0.538333 0.068333 0.088889
19 0.513750 0.446667 0.067500 0.092222
2 0.514583 0.628333 0.069167 0.088889
4 0.720417 0.632222 0.069167 0.090000
27 0.790833 0.632778 0.073333 0.093333
25 0.719167 0.355000 0.068333 0.088889