35 0.787500 0.447222 0.066667 0.091111
7 0.512083 0.355556 0.064167 0.094444
3 0.581667 0.356111 0.066667 0.088889
17 0.651250 0.356667 0.067500 0.090000
25 0.719583 0.353333 0.069167 0.090000
27 0.787917 0.631667 0.069167 0.095556
19 0.512917 0.449444 0.064167 0.088889
5 0.853750 0.207222 0.032500 0.031111
28 0.650833 0.446667 0.065000 0.087778
16 0.582083 0.538333 0.067500 0.088889
26 0.512500 0.539444 0.068333 0.088889
25 0.718750 0.537778 0.070833 0.092222
12 0.650833 0.631111 0.066667 0.092222
2 0.513333 0.630556 0.066667 0.088889
33 0.718333 0.446667 0.068333 0.090000