33 0.725833 0.338333 0.048333 0.066667
0 0.794167 0.343889 0.065000 0.082222
35 0.864583 0.338333 0.062500 0.071111
16 0.588750 0.336111 0.050833 0.060000
26 0.792083 0.433333 0.042500 0.072222
17 0.656667 0.341111 0.056667 0.078889
27 0.655000 0.429444 0.043333 0.053333
25 0.586667 0.431111 0.043333 0.052222
2 0.731250 0.424444 0.045833 0.054444
37 0.863333 0.433889 0.053333 0.077778
36 0.862500 0.521667 0.051667 0.062222
12 0.795417 0.521111 0.059167 0.078889
19 0.724583 0.528889 0.037500 0.076667
20 0.656667 0.520000 0.031667 0.050000
28 0.587917 0.523889 0.064167 0.086667
3 0.587917 0.613889 0.047500 0.071111
8 0.659167 0.611667 0.056667 0.066667
5 0.926667 0.193333 0.028333 0.032222